x[1] = 20.08156696
x[2] = 9.54556034
x[3] = 1.40908506
x[4] = 2.26148123
x[5] = 0.52929418
x[6] = 1.11255484
x[7] = 2.17226391
x[8] = 1.59191980
x[9] = 1.32138169
x[10] = 1.18053219
x[11] = 0.94002334
x[12] = 0.91698628
x[13] = 0.89730002
x[14] = 0.82537544
x[15] = 0.77927682
x[16] = 0.72704137
x[17] = 0.67700243
x[18] = 0.64269472
x[19] = 0.61049055
x[20] = 0.58054246
x[21] = 0.55420465
x[22] = 0.52901029
x[23] = 0.50596360
x[24] = 0.48520895
x[25] = 0.46597592
x[26] = 0.44826562
x[27] = 0.43187429
x[28] = 0.41656749
x[29] = 0.40231223
x[30] = 0.38900421
x[31] = 0.37653989
x[32] = 0.36485435
x[33] = 0.35387034
x[34] = 0.34352373
x[35] = 0.33376404
x[36] = 0.32454185
x[37] = 0.31581417
x[38] = 0.30754301
x[39] = 0.29969304
x[40] = 0.29223295
x[41] = 0.28513454
x[42] = 0.27837211
x[43] = 0.27192243
x[44] = 0.26576436
x[45] = 0.25987858
x[46] = 0.25424743
x[47] = 0.24885478
x[48] = 0.24368580
x[49] = 0.23872687
x[50] = 0.23396549
x[51] = 0.22939013
x[52] = 0.22499002
x[53] = 0.22075538
x[54] = 0.21667697
x[55] = 0.21274592
x[56] = 0.20895523
x[57] = 0.20529763
x[58] = 0.20176527
x[59] = 0.19835468
x[60] = 0.19505510
x[61] = 0.19185536
x[62] = 0.18876645
x[63] = 0.18577169
x[64] = 0.18287386
x[65] = 0.18013131
x[66] = 0.17740653
x[67] = 0.17467304
x[68] = 0.17210807
x[69] = 0.16928164
x[70] = 0.16686592
x[71] = 0.16577929
x[72] = 0.16348137
x[73] = 0.16152254
x[74] = 0.15934434
x[75] = 0.14734347
x[76] = 0.14539822
x[77] = 0.15886789
x[78] = 0.15683638
x[79] = 0.20135876
x[80] = 0.19886613
